MC_Trial,InstrumentID,AssetReturnDraw,InstrumentValue,NoDefaultFlag,RandomLGD,Weight,NumOfDefaults
1,00-1000030,-0.041940,187936.653604,0,0.000000,1.000000,0
1,00-1000031,-0.041940,979994.741889,1,0.000000,1.000000,0
1,INV-2614,-0.041940,37474252.498291,1,0.000000,1.000000,0
1,00-1000232,-0.041940,26032257.066407,1,0.000000,1.000000,1
1,INV-2679,-0.041940,62942344.071117,1,0.000000,1.000000,0
1,INV-2689,-0.041940,20832591.918524,1,0.000000,1.000000,0
1,INV-2702,-0.041940,14234659.796359,1,0.000000,1.000000,0
1,INV-2735,-0.041940,54604019.821990,1,0.000000,1.000000,0
1,INV-2457,-0.041940,375965.695532,1,0.000000,1.000000,0
